2900
29012
29020
2903
29040
29041
2910
2911
2912
2913
29181
29189
2920
29211
29212
2922
29281
29284
29285
29289
2929
2930
2931
29381
29382
29383
29389
2939
29410
29411
29420
29421
2948
2949
29520
29522
29530
29532
29533
29534
29540
29560
29562
29564
29570
29572
29574
29580
29584
29590
29592
29594
29600
29620
29622
29623
29624
29625
29630
29631
29632
29633
29634
29640
29644
29650
29653
29654
29660
29664
2967
29680
29689
29690
29699
2971
2978
2979
2980
2989
29900
29980
29990
30000
30001
30002
30009
30011
30013
30014
30015
30019
30021
30022
30023
30029
3003
3004
30081
3009
3010
30122
3013
3014
30150
30151
3016
3017
30181
30183
30189
3019
30250
30272
30285
30300
30301
30302
30303
30390
30391
30392
30393
30400
30401
30403
30410
30411
30412
30413
30420
30421
30423
30430
30431
30432
30433
30440
30441
30443
30460
30463
30470
30471
30473
30480
30481
30483
30490
30493
30500
30501
30502
30503
3051
30520
30521
30522
30523
30530
30540
30541
30543
30550
30551
30552
30553
30560
30561
30562
30563
30570
30573
30580
30590
30591
30592
30593
3062
3064
30650
3068
3069
3071
30723
3073
30742
30746
30749
30750
30751
30752
30781
30789
3079
3082
3083
3089
3090
3091
30924
30928
3093
3094
30981
30989
3099
3100
3101
3102
3108
31089
311
31200
31230
31231
31239
31289
3129
31400
31401
3152
31531
3158
3159
317
3180
3181
3182
319
